9.999999999999999547e-07 9.999999999999999547e-07 1.000000000000000000e+00
9.999999999999999547e-07 3.333333333333333148e-01 6.666666666666666297e-01
9.999999999999999547e-07 6.666666666666666297e-01 3.333333333333333148e-01
9.999999999999999547e-07 1.000000000000000000e+00 9.999999999999999547e-07
3.333333333333333148e-01 9.999999999999999547e-07 6.666666666666666297e-01
3.333333333333333148e-01 3.333333333333333148e-01 3.333333333333333148e-01
3.333333333333333148e-01 6.666666666666666297e-01 9.999999999999999547e-07
6.666666666666666297e-01 9.999999999999999547e-07 3.333333333333333148e-01
6.666666666666666297e-01 3.333333333333333148e-01 9.999999999999999547e-07
1.000000000000000000e+00 9.999999999999999547e-07 9.999999999999999547e-07
