9.999999999999999547e-07 9.999999999999999547e-07 1.000000000000000000e+00
9.999999999999999547e-07 6.666666666666666574e-02 9.333333333333333481e-01
9.999999999999999547e-07 1.333333333333333315e-01 8.666666666666666963e-01
9.999999999999999547e-07 2.000000000000000111e-01 8.000000000000000444e-01
9.999999999999999547e-07 2.666666666666666630e-01 7.333333333333332815e-01
9.999999999999999547e-07 3.333333333333333148e-01 6.666666666666666297e-01
9.999999999999999547e-07 4.000000000000000222e-01 5.999999999999999778e-01
9.999999999999999547e-07 4.666666666666666741e-01 5.333333333333333259e-01
9.999999999999999547e-07 5.333333333333333259e-01 4.666666666666666741e-01
9.999999999999999547e-07 5.999999999999999778e-01 4.000000000000000222e-01
9.999999999999999547e-07 6.666666666666666297e-01 3.333333333333333148e-01
9.999999999999999547e-07 7.333333333333332815e-01 2.666666666666666630e-01
9.999999999999999547e-07 8.000000000000000444e-01 2.000000000000000111e-01
9.999999999999999547e-07 8.666666666666666963e-01 1.333333333333333315e-01
9.999999999999999547e-07 9.333333333333333481e-01 6.666666666666666574e-02
9.999999999999999547e-07 1.000000000000000000e+00 9.999999999999999547e-07
6.666666666666666574e-02 9.999999999999999547e-07 9.333333333333333481e-01
6.666666666666666574e-02 6.666666666666666574e-02 8.666666666666666963e-01
6.666666666666666574e-02 1.333333333333333315e-01 8.000000000000000444e-01
6.666666666666666574e-02 2.000000000000000111e-01 7.333333333333332815e-01
6.666666666666666574e-02 2.666666666666666630e-01 6.666666666666666297e-01
6.666666666666666574e-02 3.333333333333333148e-01 5.999999999999999778e-01
6.666666666666666574e-02 4.000000000000000222e-01 5.333333333333333259e-01
6.666666666666666574e-02 4.666666666666666741e-01 4.666666666666666741e-01
6.666666666666666574e-02 5.333333333333333259e-01 4.000000000000000222e-01
6.666666666666666574e-02 5.999999999999999778e-01 3.333333333333333148e-01
6.666666666666666574e-02 6.666666666666666297e-01 2.666666666666666630e-01
6.666666666666666574e-02 7.333333333333332815e-01 2.000000000000000111e-01
6.666666666666666574e-02 8.000000000000000444e-01 1.333333333333333315e-01
6.666666666666666574e-02 8.666666666666666963e-01 6.666666666666666574e-02
6.666666666666666574e-02 9.333333333333333481e-01 9.999999999999999547e-07
1.333333333333333315e-01 9.999999999999999547e-07 8.666666666666666963e-01
1.333333333333333315e-01 6.666666666666666574e-02 8.000000000000000444e-01
1.333333333333333315e-01 1.333333333333333315e-01 7.333333333333332815e-01
1.333333333333333315e-01 2.000000000000000111e-01 6.666666666666666297e-01
1.333333333333333315e-01 2.666666666666666630e-01 5.999999999999999778e-01
1.333333333333333315e-01 3.333333333333333148e-01 5.333333333333333259e-01
1.333333333333333315e-01 4.000000000000000222e-01 4.666666666666666741e-01
1.333333333333333315e-01 4.666666666666666741e-01 4.000000000000000222e-01
1.333333333333333315e-01 5.333333333333333259e-01 3.333333333333333148e-01
1.333333333333333315e-01 5.999999999999999778e-01 2.666666666666666630e-01
1.333333333333333315e-01 6.666666666666666297e-01 2.000000000000000111e-01
1.333333333333333315e-01 7.333333333333332815e-01 1.333333333333333315e-01
1.333333333333333315e-01 8.000000000000000444e-01 6.666666666666666574e-02
1.333333333333333315e-01 8.666666666666666963e-01 9.999999999999999547e-07
2.000000000000000111e-01 9.999999999999999547e-07 8.000000000000000444e-01
2.000000000000000111e-01 6.666666666666666574e-02 7.333333333333332815e-01
2.000000000000000111e-01 1.333333333333333315e-01 6.666666666666666297e-01
2.000000000000000111e-01 2.000000000000000111e-01 5.999999999999999778e-01
2.000000000000000111e-01 2.666666666666666630e-01 5.333333333333333259e-01
2.000000000000000111e-01 3.333333333333333148e-01 4.666666666666666741e-01
2.000000000000000111e-01 4.000000000000000222e-01 4.000000000000000222e-01
2.000000000000000111e-01 4.666666666666666741e-01 3.333333333333333148e-01
2.000000000000000111e-01 5.333333333333333259e-01 2.666666666666666630e-01
2.000000000000000111e-01 5.999999999999999778e-01 2.000000000000000111e-01
2.000000000000000111e-01 6.666666666666666297e-01 1.333333333333333315e-01
2.000000000000000111e-01 7.333333333333332815e-01 6.666666666666666574e-02
2.000000000000000111e-01 8.000000000000000444e-01 9.999999999999999547e-07
2.666666666666666630e-01 9.999999999999999547e-07 7.333333333333332815e-01
2.666666666666666630e-01 6.666666666666666574e-02 6.666666666666666297e-01
2.666666666666666630e-01 1.333333333333333315e-01 5.999999999999999778e-01
2.666666666666666630e-01 2.000000000000000111e-01 5.333333333333333259e-01
2.666666666666666630e-01 2.666666666666666630e-01 4.666666666666666741e-01
2.666666666666666630e-01 3.333333333333333148e-01 4.000000000000000222e-01
2.666666666666666630e-01 4.000000000000000222e-01 3.333333333333333148e-01
2.666666666666666630e-01 4.666666666666666741e-01 2.666666666666666630e-01
2.666666666666666630e-01 5.333333333333333259e-01 2.000000000000000111e-01
2.666666666666666630e-01 5.999999999999999778e-01 1.333333333333333315e-01
2.666666666666666630e-01 6.666666666666666297e-01 6.666666666666666574e-02
2.666666666666666630e-01 7.333333333333332815e-01 9.999999999999999547e-07
3.333333333333333148e-01 9.999999999999999547e-07 6.666666666666666297e-01
3.333333333333333148e-01 6.666666666666666574e-02 5.999999999999999778e-01
3.333333333333333148e-01 1.333333333333333315e-01 5.333333333333333259e-01
3.333333333333333148e-01 2.000000000000000111e-01 4.666666666666666741e-01
3.333333333333333148e-01 2.666666666666666630e-01 4.000000000000000222e-01
3.333333333333333148e-01 3.333333333333333148e-01 3.333333333333333148e-01
3.333333333333333148e-01 4.000000000000000222e-01 2.666666666666666630e-01
3.333333333333333148e-01 4.666666666666666741e-01 2.000000000000000111e-01
3.333333333333333148e-01 5.333333333333333259e-01 1.333333333333333315e-01
3.333333333333333148e-01 5.999999999999999778e-01 6.666666666666666574e-02
3.333333333333333148e-01 6.666666666666666297e-01 9.999999999999999547e-07
4.000000000000000222e-01 9.999999999999999547e-07 5.999999999999999778e-01
4.000000000000000222e-01 6.666666666666666574e-02 5.333333333333333259e-01
4.000000000000000222e-01 1.333333333333333315e-01 4.666666666666666741e-01
4.000000000000000222e-01 2.000000000000000111e-01 4.000000000000000222e-01
4.000000000000000222e-01 2.666666666666666630e-01 3.333333333333333148e-01
4.000000000000000222e-01 3.333333333333333148e-01 2.666666666666666630e-01
4.000000000000000222e-01 4.000000000000000222e-01 2.000000000000000111e-01
4.000000000000000222e-01 4.666666666666666741e-01 1.333333333333333315e-01
4.000000000000000222e-01 5.333333333333333259e-01 6.666666666666666574e-02
4.000000000000000222e-01 5.999999999999999778e-01 9.999999999999999547e-07
4.666666666666666741e-01 9.999999999999999547e-07 5.333333333333333259e-01
4.666666666666666741e-01 6.666666666666666574e-02 4.666666666666666741e-01
4.666666666666666741e-01 1.333333333333333315e-01 4.000000000000000222e-01
4.666666666666666741e-01 2.000000000000000111e-01 3.333333333333333148e-01
4.666666666666666741e-01 2.666666666666666630e-01 2.666666666666666630e-01
4.666666666666666741e-01 3.333333333333333148e-01 2.000000000000000111e-01
4.666666666666666741e-01 4.000000000000000222e-01 1.333333333333333315e-01
4.666666666666666741e-01 4.666666666666666741e-01 6.666666666666666574e-02
4.666666666666666741e-01 5.333333333333333259e-01 9.999999999999999547e-07
5.333333333333333259e-01 9.999999999999999547e-07 4.666666666666666741e-01
5.333333333333333259e-01 6.666666666666666574e-02 4.000000000000000222e-01
5.333333333333333259e-01 1.333333333333333315e-01 3.333333333333333148e-01
5.333333333333333259e-01 2.000000000000000111e-01 2.666666666666666630e-01
5.333333333333333259e-01 2.666666666666666630e-01 2.000000000000000111e-01
5.333333333333333259e-01 3.333333333333333148e-01 1.333333333333333315e-01
5.333333333333333259e-01 4.000000000000000222e-01 6.666666666666666574e-02
5.333333333333333259e-01 4.666666666666666741e-01 9.999999999999999547e-07
5.999999999999999778e-01 9.999999999999999547e-07 4.000000000000000222e-01
5.999999999999999778e-01 6.666666666666666574e-02 3.333333333333333148e-01
5.999999999999999778e-01 1.333333333333333315e-01 2.666666666666666630e-01
5.999999999999999778e-01 2.000000000000000111e-01 2.000000000000000111e-01
5.999999999999999778e-01 2.666666666666666630e-01 1.333333333333333315e-01
5.999999999999999778e-01 3.333333333333333148e-01 6.666666666666666574e-02
5.999999999999999778e-01 4.000000000000000222e-01 9.999999999999999547e-07
6.666666666666666297e-01 9.999999999999999547e-07 3.333333333333333148e-01
6.666666666666666297e-01 6.666666666666666574e-02 2.666666666666666630e-01
6.666666666666666297e-01 1.333333333333333315e-01 2.000000000000000111e-01
6.666666666666666297e-01 2.000000000000000111e-01 1.333333333333333315e-01
6.666666666666666297e-01 2.666666666666666630e-01 6.666666666666666574e-02
6.666666666666666297e-01 3.333333333333333148e-01 9.999999999999999547e-07
7.333333333333332815e-01 9.999999999999999547e-07 2.666666666666666630e-01
7.333333333333332815e-01 6.666666666666666574e-02 2.000000000000000111e-01
7.333333333333332815e-01 1.333333333333333315e-01 1.333333333333333315e-01
7.333333333333332815e-01 2.000000000000000111e-01 6.666666666666666574e-02
7.333333333333332815e-01 2.666666666666666630e-01 9.999999999999999547e-07
8.000000000000000444e-01 9.999999999999999547e-07 2.000000000000000111e-01
8.000000000000000444e-01 6.666666666666666574e-02 1.333333333333333315e-01
8.000000000000000444e-01 1.333333333333333315e-01 6.666666666666666574e-02
8.000000000000000444e-01 2.000000000000000111e-01 9.999999999999999547e-07
8.666666666666666963e-01 9.999999999999999547e-07 1.333333333333333315e-01
8.666666666666666963e-01 6.666666666666666574e-02 6.666666666666666574e-02
8.666666666666666963e-01 1.333333333333333315e-01 9.999999999999999547e-07
9.333333333333333481e-01 9.999999999999999547e-07 6.666666666666666574e-02
9.333333333333333481e-01 6.666666666666666574e-02 9.999999999999999547e-07
1.000000000000000000e+00 9.999999999999999547e-07 9.999999999999999547e-07
